10 10 10 10 10 10 10 10 10 10 10 10 10 10 10 10 10 26 03 27 10 10 10 10 10 10 10 10 10 10 10 10 10 10 10
22 32 32 32 32 32 23 10 10 10 10 10 10 10 22 09 09 24 00 25 23 10 10 10 10 10 10 10 10 10 10 10 10 10 10
14 00 00 00 00 00 13 22 32 32 32 32 32 23 14 00 00 00 00 00 13 10 10 10 10 10 10 10 22 09 09 09 09 09 23
14 00 00 00 00 00 29 28 00 00 00 36 00 29 28 00 00 00 00 00 13 10 10 10 22 08 08 23 14 00 00 00 00 00 13
16 00 00 00 00 00 00 00 00 04 00 00 00 00 00 00 00 00 00 00 15 10 10 10 14 00 00 29 28 00 35 00 00 00 13
14 00 00 00 00 00 30 31 00 00 00 00 00 30 31 00 00 00 00 00 13 10 10 10 14 00 00 00 00 00 00 00 00 00 13
14 00 00 00 00 00 13 11 -1 -1 -1 -1 -1 12 14 00 00 00 00 00 13 10 10 10 14 00 00 30 31 00 00 00 00 00 13
11 -1 -1 00 00 00 12 21 05 05 05 05 05 01 11 -1 -1 00 00 00 12 -2 -2 -2 11 07 02 12 11 -1 00 00 00 -1 12
21 05 05 17 00 18 01 06 06 06 06 06 06 06 21 05 05 17 00 18 01 06 06 06 21 05 05 01 21 05 17 00 18 05 01
06 06 06 19 00 20 06 06 06 06 06 06 06 06 06 06 06 19 00 20 06 06 06 06 06 06 06 06 06 06 19 00 20 06 06
22 08 08 24 00 25 23 10 10 10 10 10 10 10 22 32 32 32 32 32 23 10 10 10 10 10 10 10 10 10 26 00 27 10 10
14 00 00 00 00 00 13 22 08 09 08 09 08 23 14 00 00 00 00 00 13 22 08 09 08 09 08 23 22 32 24 00 25 32 23
11 -1 00 00 00 -1 12 14 00 00 00 00 00 13 14 00 00 00 00 00 13 14 00 00 00 00 00 29 28 36 00 00 00 00 13
21 05 17 00 18 05 01 14 00 00 04 00 00 29 28 00 00 00 00 00 13 14 00 00 35 00 00 00 00 00 00 00 00 00 13
-3 -3 -5 00 -4 -3 -3 14 00 00 00 00 00 00 00 00 00 00 00 00 13 14 00 00 00 00 00 00 00 00 00 00 00 00 13
22 32 24 00 25 32 32 28 00 00 00 00 00 00 00 00 00 00 00 00 13 14 04 00 00 00 00 30 31 00 00 00 04 00 13
14 00 00 00 00 00 00 00 00 00 34 00 00 30 31 00 00 00 00 00 13 14 00 00 00 00 00 13 11 -1 -1 -1 -1 -1 12
14 00 00 04 00 00 30 31 00 00 00 00 00 13 11 02 -1 00 00 00 13 11 -1 00 00 00 00 12 21 05 05 05 05 05 01
11 33 -1 -1 -1 -1 12 11 -1 -1 -1 -1 -1 12 21 05 05 17 00 18 01 21 05 17 00 00 18 01 06 06 06 06 06 06 06
21 05 05 05 05 05 01 21 05 05 05 05 05 01 06 06 06 19 00 20 06 06 06 19 00 00 20 06 06 06 06 06 06 06 06
00 00 00 00 00 00 00 00 00 00 00 00 00 00 10 10 22 24 00 27 10 10 10 26 00 00 25 23 00 00 00 00 00 00 00
00 00 00 00 00 00 00 00 00 00 00 00 00 00 10 10 14 00 00 25 08 09 09 24 04 00 00 13 00 00 00 00 00 00 00
00 00 00 00 00 00 00 00 00 00 00 00 00 00 10 10 14 00 00 00 00 00 00 00 00 00 00 13 00 00 00 00 00 00 00
00 00 00 00 00 00 00 00 00 00 00 00 00 00 10 10 14 00 00 00 36 00 00 00 00 00 00 13 00 00 00 00 00 00 00
00 00 00 00 00 00 00 00 00 00 00 00 00 00 10 10 14 00 00 00 00 00 35 00 00 00 00 13 00 00 00 00 00 00 00
00 00 00 00 00 00 00 00 00 00 00 00 00 00 10 10 14 00 00 00 00 00 00 00 34 00 00 13 00 00 00 00 00 00 00
00 00 00 00 00 00 00 00 00 00 00 00 00 00 10 10 14 00 00 00 00 00 00 00 00 00 00 13 00 00 00 00 00 00 00
00 00 00 00 00 00 00 00 00 00 00 00 00 00 -2 -2 11 -1 -1 -1 -1 -1 -1 -1 -1 -1 -1 12 00 00 00 00 00 00 00
00 00 00 00 00 00 00 00 00 00 00 00 00 00 06 06 21 05 05 05 05 05 05 05 05 05 05 01 00 00 00 00 00 00 00
00 00 00 00 00 00 00 00 00 00 00 00 00 00 06 06 06 06 06 06 06 06 06 06 06 06 06 06 00 00 00 00 00 00 00
00 00 00 00 00 00 00 00 00 00 00 00 00 00 00 00 00 00 00 00 00 00 00 00 00 00 00 00 00 00 00 00 00 00 00
00 00 00 00 00 00 00 00 00 00 00 00 00 00 00 00 00 00 00 00 00 00 00 00 00 00 00 00 00 00 00 00 00 00 00
00 00 00 00 00 00 00 00 00 00 00 00 00 00 00 00 00 00 00 00 00 00 00 00 00 00 00 00 00 00 00 00 00 00 00
00 00 00 00 00 00 00 00 00 00 00 00 00 00 00 00 00 00 00 00 00 00 00 00 00 00 00 00 00 00 00 00 00 00 00
00 00 00 00 00 00 00 00 00 00 00 00 00 00 00 00 00 00 00 00 00 00 00 00 00 00 00 00 00 00 00 00 00 00 00
00 00 00 00 00 00 00 00 00 00 00 00 00 00 00 00 00 00 00 00 00 00 00 00 00 00 00 00 00 00 00 00 00 00 00
00 00 00 00 00 00 00 00 00 00 00 00 00 00 00 00 00 00 00 00 00 00 00 00 00 00 00 00 00 00 00 00 00 00 00
00 00 00 00 00 00 00 00 00 00 00 00 00 00 00 00 00 00 00 00 00 00 00 00 00 00 00 00 00 00 00 00 00 00 00
00 00 00 00 00 00 00 00 00 00 00 00 00 00 00 00 00 00 00 00 00 00 00 00 00 00 00 00 00 00 00 00 00 00 00
00 00 00 00 00 00 00 00 00 00 00 00 00 00 00 00 00 00 00 00 00 00 00 00 00 00 00 00 00 00 00 00 00 00 00
10 10 10 10 10 10 10 10 10 10 10 10 10 10 10 10 10 10 10 10 10 10 10 10 10 10 10 10 10 10 10 10 10 10 10
22 08 09 08 09 08 23 22 08 08 08 09 09 23 22 08 08 08 08 08 23 22 08 09 08 09 08 23 22 08 08 08 08 08 23
14 00 00 04 00 00 13 14 00 00 36 00 00 13 14 00 00 00 00 00 13 14 00 00 00 00 00 13 14 00 00 00 00 00 13
14 00 00 00 00 00 29 28 00 00 00 00 00 29 28 00 00 00 00 00 13 14 00 00 00 00 00 13 14 00 00 00 00 00 13
16 00 00 00 00 00 00 00 00 00 00 00 00 00 00 00 00 00 00 00 13 14 00 00 00 00 00 13 14 00 00 00 00 00 13
14 00 00 00 00 00 00 00 00 00 00 00 00 00 00 00 00 00 00 00 13 14 00 00 00 00 00 13 14 00 00 00 00 00 13
14 00 00 00 00 00 30 31 00 00 34 00 00 30 31 00 00 00 00 00 13 14 00 00 00 00 00 13 14 00 00 00 00 00 13
11 -1 -1 -1 -1 -1 12 11 07 00 00 00 00 12 11 33 00 00 00 00 12 11 -1 00 00 00 00 12 11 00 00 00 00 -1 12
21 05 05 05 05 05 01 21 05 17 00 00 18 01 21 05 17 00 00 18 01 21 05 17 00 00 18 01 21 17 00 00 18 05 01
06 06 06 06 06 06 06 06 06 19 00 00 20 06 06 06 19 00 00 20 06 06 06 19 00 00 20 06 06 19 00 00 20 06 06
10 10 10 10 10 10 10 10 10 26 00 00 27 10 10 10 26 00 00 27 10 10 10 26 00 00 27 10 10 26 00 00 27 10 10
22 32 32 32 32 32 23 22 32 24 00 00 25 23 22 32 24 00 00 25 23 22 08 24 00 00 25 23 22 24 00 00 25 32 23
14 00 00 00 00 00 13 14 00 00 00 00 00 13 14 00 00 00 00 00 13 14 00 00 00 00 00 13 14 00 00 00 00 00 13
14 00 34 00 00 00 29 28 00 36 00 00 00 13 14 00 00 00 00 00 29 28 00 00 00 00 00 13 14 00 00 00 00 00 13
14 00 00 00 00 00 00 00 00 00 00 00 00 13 14 00 00 00 00 00 00 00 00 00 00 00 00 13 14 00 00 00 00 00 13
14 00 00 35 00 00 00 00 00 00 34 00 00 13 14 00 00 00 00 00 00 00 00 00 00 00 00 13 14 00 00 00 00 00 13
14 00 00 00 00 00 30 31 00 00 00 00 00 13 14 00 35 00 00 00 30 31 00 00 00 00 00 13 14 00 00 00 00 00 13
11 -1 -1 -1 -1 -1 12 11 02 -1 -1 -1 -1 12 11 -1 00 00 36 00 12 11 -1 -1 -1 -1 -1 12 11 -1 00 00 00 00 12
21 05 05 05 05 05 01 21 05 05 05 05 05 01 21 05 17 00 00 18 01 21 05 05 05 05 05 01 21 05 17 00 00 18 01
06 06 06 06 06 06 06 06 06 06 06 06 06 06 06 06 19 00 00 20 06 06 06 06 06 06 06 06 06 06 19 00 00 20 06
10 10 10 10 10 10 10 10 10 10 10 10 10 10 10 10 26 00 00 27 10 10 10 10 10 10 10 10 10 10 26 00 00 27 10
22 08 08 09 09 08 23 22 32 32 32 09 08 23 22 08 24 00 00 25 23 22 09 09 09 09 09 23 22 09 24 00 00 25 23
14 00 00 00 00 00 13 14 00 00 00 00 00 13 14 00 00 00 00 00 13 14 00 00 00 00 00 13 14 00 00 00 00 00 13
14 00 00 00 00 00 29 28 00 00 00 00 00 29 28 00 00 00 00 00 29 28 00 00 00 00 00 29 28 00 00 00 00 00 13
14 00 00 00 00 00 00 00 00 00 00 00 00 00 00 00 00 00 00 00 00 00 00 00 00 00 00 00 00 00 00 00 00 00 13
14 00 00 00 00 00 00 00 00 00 00 00 00 00 00 00 00 00 00 00 00 00 00 00 00 00 00 00 00 00 00 00 00 00 13
14 00 00 00 00 00 30 31 00 00 00 00 00 30 31 00 00 00 00 00 30 31 00 00 00 00 00 30 31 00 00 00 00 00 13
11 -1 -1 -1 -1 -1 12 11 00 00 00 00 -1 12 11 -1 -1 -1 -1 -1 12 11 -1 00 00 00 00 12 11 -1 00 00 00 00 12
21 05 05 05 05 05 01 21 17 00 00 18 05 01 21 05 05 05 05 05 01 21 05 17 00 00 18 01 21 05 17 00 00 18 01
06 06 06 06 06 06 06 06 19 00 00 20 06 06 06 06 06 06 06 06 06 06 06 19 00 00 20 06 06 06 19 00 00 20 06
10 10 10 10 10 10 10 10 26 00 00 27 10 10 10 10 26 03 27 10 10 10 10 26 00 00 27 10 10 10 26 00 00 27 10
22 09 09 09 09 09 23 22 24 00 00 25 08 23 22 32 24 00 25 32 23 22 08 24 00 00 25 23 22 32 24 00 00 25 23
14 00 00 00 00 00 13 14 00 00 00 00 00 13 14 00 00 00 00 00 13 14 00 00 00 00 00 13 14 00 00 00 00 00 13
14 00 00 34 00 00 29 28 00 00 00 00 00 29 28 00 00 00 00 00 29 28 00 00 00 00 00 13 14 00 00 00 00 00 13
14 00 00 00 00 00 00 00 00 00 35 00 00 00 00 00 36 00 00 00 00 00 00 00 00 00 00 13 14 00 00 00 00 00 15
14 00 00 00 00 00 00 00 00 00 00 00 00 00 00 00 00 00 00 00 00 00 00 00 00 00 00 13 14 00 00 00 00 00 13
14 00 00 00 00 00 30 31 00 00 00 00 00 30 31 00 00 00 04 00 30 31 00 00 00 00 00 13 14 00 00 00 00 00 13
11 -1 -1 -1 -1 -1 12 11 -1 -1 -1 -1 -1 12 11 -1 00 00 00 -1 12 11 02 -1 -1 -1 -1 12 11 -1 -1 -1 -1 -1 12
21 05 05 05 05 05 01 21 05 05 05 05 05 01 21 05 17 00 18 05 01 21 05 05 05 05 05 01 21 05 05 05 05 05 01
06 06 06 06 06 06 06 06 06 06 06 06 06 06 06 06 19 00 20 06 06 06 06 06 06 06 06 06 06 06 06 06 06 06 06
10 10 10 10 10 10 10 10 10 10 10 10 10 10 10 10 10 10 10 10 10 22 32 32 32 23 10 10 10 10 10 10 10 10 10
22 08 23 22 09 09 09 09 08 09 08 09 08 23 22 32 32 23 10 10 10 14 00 00 00 13 10 10 10 10 10 10 10 10 10
14 00 13 14 00 00 -1 00 00 00 00 00 00 29 28 00 00 13 10 10 10 14 00 00 00 25 09 09 09 09 09 09 09 23 10
14 00 13 14 00 18 05 17 00 00 00 04 00 00 00 00 00 13 10 10 10 14 00 00 00 00 00 00 00 00 00 00 00 13 10
16 00 29 28 00 20 06 19 -1 -1 -1 00 00 30 31 00 00 13 10 10 10 11 07 -1 -1 -1 -1 -1 -1 -1 -1 00 00 13 10
14 00 00 00 00 20 06 21 05 05 05 17 00 13 14 00 00 13 10 10 10 21 05 05 05 05 05 05 05 05 05 17 00 13 10
14 00 30 31 00 -4 -3 -3 -3 -3 -3 -5 00 13 14 00 00 13 10 10 10 -3 -3 -3 -3 -3 -3 -3 -3 -3 -3 -5 00 13 10
14 00 13 14 00 25 32 32 32 23 10 14 00 12 11 33 -1 12 -2 -2 -2 10 10 22 32 32 32 32 32 32 32 24 00 13 10
11 -1 12 11 -1 -1 -1 00 00 12 -2 11 -1 20 21 05 05 01 06 06 06 10 10 14 00 00 -1 -1 -1 -1 -1 -1 -1 12 -2
21 05 01 21 05 05 05 17 00 20 06 21 05 01 06 06 06 06 06 06 06 10 10 14 00 18 05 05 05 05 05 05 05 01 06
22 09 08 32 08 09 23 14 00 13 10 10 10 10 10 10 10 10 10 10 10 10 10 14 00 13 10 10 -3 -3 -3 -3 -3 -3 -3
14 00 00 -1 00 00 13 14 00 13 10 10 22 32 08 08 08 08 08 23 10 10 10 14 00 13 10 10 10 10 10 10 10 10 10
14 00 18 05 17 00 29 28 00 25 09 09 24 00 00 00 00 00 00 13 10 10 10 14 00 13 10 10 10 10 10 10 10 10 10
14 00 -4 -3 -5 00 00 00 00 00 00 00 00 00 00 00 00 00 00 25 32 32 32 24 00 25 08 09 08 09 08 08 09 09 23
14 00 25 09 24 00 00 00 00 00 00 00 00 00 00 00 00 00 00 00 00 -1 -1 00 00 00 -1 -1 -1 -1 -1 -1 -1 -1 12
14 00 00 00 00 00 30 31 00 00 00 00 00 00 00 00 00 00 00 00 18 05 05 17 00 18 05 05 05 05 05 05 05 05 01
14 00 00 00 00 -1 12 14 00 00 00 00 00 00 00 00 00 00 00 00 20 06 06 19 00 20 06 06 06 06 06 06 06 06 06
11 -1 00 00 18 05 01 14 00 04 00 00 36 00 00 35 00 00 00 00 -4 -3 -3 -5 00 -4 -3 -3 -3 -3 -3 -3 -3 -3 -3
21 05 17 00 20 06 06 14 00 00 00 00 00 00 00 00 00 00 00 00 13 10 10 14 00 13 10 10 10 10 10 10 10 10 10
06 06 19 00 20 06 06 14 00 00 00 00 00 00 00 00 00 00 00 00 13 10 10 14 00 13 10 10 10 10 10 10 10 10 10
06 06 19 00 20 06 06 14 00 00 00 00 00 00 00 00 00 00 00 00 13 10 10 14 00 13 10 10 10 10 10 10 10 10 10
-3 -3 -5 00 -4 -3 -3 14 00 00 34 00 00 00 00 00 00 00 00 00 13 10 22 24 00 25 23 10 10 10 10 10 10 10 10
10 10 14 00 13 10 10 14 00 00 00 00 00 00 00 00 34 00 00 00 13 10 14 00 00 00 13 10 22 32 32 32 32 32 23
10 10 14 00 13 10 10 14 00 00 00 00 00 00 00 00 00 00 00 00 13 10 14 00 00 00 13 10 14 00 00 00 00 00 13
10 10 14 00 13 10 10 14 00 00 00 00 00 00 00 00 00 00 00 00 13 10 14 00 00 00 13 10 14 00 00 00 00 00 15
10 10 14 00 13 10 10 14 00 00 00 00 00 00 00 00 00 00 36 00 13 -2 11 -1 -1 -1 12 -2 14 00 00 00 04 00 13
10 10 14 00 13 10 10 14 00 00 00 00 00 00 00 00 00 00 00 00 13 06 21 05 05 05 01 06 14 00 00 00 00 00 13
10 22 24 00 25 23 10 11 02 -1 -1 -1 -1 -1 -1 -1 -1 -1 -1 -1 12 06 06 06 06 06 06 06 14 00 00 -1 -1 -1 12
10 14 00 00 00 13 10 21 05 05 05 05 05 05 05 05 05 05 05 05 01 06 06 06 06 06 06 06 14 00 18 05 05 05 01
10 14 00 00 00 13 10 06 06 06 06 06 06 06 06 06 06 06 06 06 06 06 06 06 06 06 06 06 14 00 20 06 06 06 06
10 14 00 00 00 13 10 10 10 10 10 10 10 10 10 10 10 10 10 10 10 10 10 10 10 10 10 10 14 00 27 10 10 10 10
10 14 00 00 00 13 10 10 10 10 10 10 10 10 22 08 08 08 08 08 23 22 08 08 08 08 08 23 14 00 25 08 09 23 10
10 14 00 04 00 25 09 09 09 09 09 09 09 09 28 00 00 00 00 00 13 14 00 00 00 00 00 13 14 00 00 00 00 13 10
10 14 00 00 00 00 00 00 00 00 00 35 00 00 00 00 00 34 00 00 29 28 00 00 00 04 00 29 28 00 00 00 00 13 10
10 14 00 00 00 00 00 00 00 35 00 00 00 00 00 00 00 00 00 00 00 00 00 00 00 00 00 00 -1 -1 -1 -1 -1 12 -2
-2 11 -1 -1 -1 -1 -1 -1 -1 -1 -1 -1 -1 -1 00 00 00 00 00 00 00 00 00 36 00 00 00 30 05 05 05 05 05 01 06
06 21 05 05 05 05 05 05 05 05 05 05 05 05 17 00 00 00 00 00 30 31 00 00 00 00 00 13 06 06 06 06 06 06 06
06 06 06 06 06 06 06 06 06 06 06 06 06 06 19 -1 -1 -1 -1 -1 12 11 -1 -1 -1 -1 -1 12 06 06 06 06 06 06 06
06 06 06 06 06 06 06 06 06 06 06 06 06 06 21 05 05 05 05 05 01 21 05 05 05 05 05 01 06 06 06 06 06 06 06
06 06 06 06 06 06 06 06 06 06 06 06 06 06 06 06 06 06 06 06 06 06 06 06 06 06 06 06 06 06 06 06 06 06 06